cacti_man_1
00 00 00 00 00 00 00 00 00 00 00 00 00 00 00 00 00   .................
00 00 00 00 00 00 01 10 10 10 00 01 00 00 00 00 00   .................
00 00 00 00 00 10 12 21 21 21 11 13 00 00 00 00 00   .......!!!.......
00 00 00 00 00 10 33 31 31 31 31 14 00 00 00 00 00   ......31111......
00 00 00 00 00 11 41 11 41 11 41 11 01 00 00 00 00   ......A.A.A......
00 00 00 00 11 65 16 75 17 65 16 75 17 01 00 00 00   .....e.u.e.u.....
00 00 00 10 12 66 18 77 19 66 18 77 19 14 00 00 00   .....f.w.f.w.....
00 00 00 21 13 86 18 97 19 86 18 97 19 43 01 00 00   ...!.........C...
00 00 00 21 33 11 41 11 41 11 41 11 31 43 01 00 00   ...!3.A.A.A.1C...
00 00 10 22 33 33 33 33 33 33 33 33 33 43 14 00 00   ..."333333333C...
00 00 10 32 33 33 33 33 33 33 33 33 33 33 14 00 00   ...23333333333...
00 00 10 32 3a 33 33 33 33 33 33 33 a3 32 14 00 00   ...2:3333333.2...
00 00 21 32 3a 33 13 33 33 33 31 33 a3 32 44 01 00   ..!2:3.33313.2D..
00 00 21 33 a4 33 11 31 33 13 11 33 2a 33 43 01 00   ..!3.3.13..3*3C..
00 00 21 33 a4 33 11 31 33 13 11 33 2a 33 43 01 00   ..!3.3.13..3*3C..
00 00 21 33 a4 33 11 31 33 13 11 33 2a 33 43 01 00   ..!3.3.13..3*3C..
00 11 32 33 a4 33 13 33 33 33 31 33 2a 33 33 14 01   ..23.3.33313*33..
10 32 33 33 a4 33 33 33 31 33 33 33 2a 33 33 33 14   .233.3331333*333.
00 21 33 33 a4 33 33 13 11 33 33 33 2a 33 33 43 01   .!33.33..333*33C.
10 32 33 33 a4 33 33 11 11 11 33 33 2a 33 33 33 14   .233.33...33*333.
00 11 32 43 21 33 33 33 11 33 33 33 14 32 33 14 01   ..2C!333.333.23..
00 21 33 44 11 32 33 33 33 33 33 33 14 32 33 43 01   .!3D.2333333.23C.
00 10 44 14 10 32 33 33 33 33 33 33 43 41 44 11 00   ..D..2333333CAD..
00 00 11 01 21 32 33 33 33 33 33 33 33 14 11 00 00   ....!23333333....
00 00 00 00 21 33 33 33 33 33 33 33 33 14 00 00 00   ....!33333333....
00 00 00 00 21 43 33 33 34 33 33 33 43 14 00 00 00   ....!C334333C....
00 00 00 00 21 43 34 34 44 43 33 33 43 01 00 00 00   ....!C44DC33C....
00 00 00 00 10 44 41 41 14 43 34 34 44 01 00 00 00   .....DAA.C44D....
00 00 00 00 00 11 10 10 11 44 41 41 14 00 00 00 00   .........DAA.....
00 00 00 00 00 00 00 00 00 11 10 10 01 00 00 00 00   .................

cacti_man_2
00 00 00 00 00 00 00 00 00 00 00 00 00 00 00 00 00   .................
00 00 00 00 00 00 00 00 00 00 00 00 00 00 00 00 00   .................
00 00 00 00 00 00 00 00 00 00 00 00 00 00 00 00 00   .................
00 00 00 00 00 10 00 01 01 01 10 00 00 00 00 00 00   .................
00 00 00 00 00 21 11 12 12 12 31 01 00 00 00 00 00   .....!....1......
00 00 00 00 00 31 13 13 13 13 43 01 00 00 00 00 00   .....1....C......
00 00 00 00 10 11 14 11 14 11 14 11 00 00 00 00 00   .................
00 00 00 10 51 66 51 77 51 66 51 77 11 00 00 00 00   ....QfQwQfQw.....
00 00 00 21 61 86 71 97 61 86 71 97 41 01 00 00 00   ...!a.q.a.q.A....
00 00 10 32 61 88 71 99 61 88 71 99 31 14 00 00 00   ...2a.q.a.q.1....
00 00 10 32 13 11 14 11 14 11 14 11 33 14 00 00 00   ...2........3....
00 00 21 32 33 33 33 33 33 33 33 33 33 44 01 00 00   ..!2333333333D...
00 00 21 33 33 33 33 33 33 33 33 33 33 43 01 00 00   ..!3333333333C...
00 00 21 43 3a 33 33 33 33 33 33 a3 32 43 01 00 00   ..!C:333333.2C...
00 10 22 43 3a 33 31 33 33 13 33 a3 32 43 14 00 00   .."C:3133.3.2C...
00 10 32 43 3a 13 11 33 33 11 31 a3 32 33 14 00 00   ..2C:..33.1.23...
00 10 32 43 3a 13 11 33 33 11 31 a3 32 33 14 00 00   ..2C:..33.1.23...
00 10 32 43 3a 13 11 33 33 11 31 a3 32 33 14 00 00   ..2C:..33.1.23...
00 10 32 43 3a 33 31 33 33 13 33 a3 32 33 14 00 00   ..2C:3133.3.23...
00 10 32 43 3a 33 33 13 33 33 33 a3 32 33 14 00 00   ..2C:33.333.23...
00 10 32 43 3a 33 33 11 31 33 33 a3 32 33 14 00 00   ..2C:33.133.23...
00 10 32 43 3a 33 13 11 11 31 33 a3 32 33 14 00 00   ..2C:3...13.23...
00 10 32 43 31 33 33 13 31 33 33 13 32 33 14 00 00   ..2C133.133.23...
00 00 31 44 21 33 33 33 33 33 33 13 43 43 14 00 00   ..1D!333333.CC...
00 00 41 41 11 32 33 33 33 33 33 13 14 14 14 00 00   ..AA.233333......
00 00 10 11 10 32 33 33 33 33 33 33 41 11 01 00 00   .....2333333A....
00 00 00 00 10 32 34 43 33 33 34 33 43 01 00 00 00   .....24C3343C....
00 00 00 00 10 32 44 43 34 34 44 43 44 01 00 00 00   .....2DC44DCD....
00 00 00 00 00 41 14 44 41 41 14 44 11 00 00 00 00   .....A.DAA.D.....
00 00 00 00 00 10 01 11 10 10 01 11 00 00 00 00 00   .................

cacti_man_3
00 00 00 00 00 00 00 00 00 00 00 00 00 00 00 00 00   .................
00 00 00 00 00 00 01 10 10 10 00 01 00 00 00 00 00   .................
00 00 00 00 00 10 12 21 21 21 11 13 00 00 00 00 00   .......!!!.......
00 00 00 00 00 10 33 31 31 31 31 14 00 00 00 00 00   ......31111......
00 00 00 00 00 11 41 11 41 11 41 11 01 00 00 00 00   ......A.A.A......
00 00 00 00 11 65 16 75 17 65 16 75 17 01 00 00 00   .....e.u.e.u.....
00 00 00 10 12 66 18 77 19 66 18 77 19 14 00 00 00   .....f.w.f.w.....
00 00 00 21 13 86 18 97 19 86 18 97 19 43 01 00 00   ...!.........C...
00 00 00 21 33 11 41 11 41 11 41 11 31 43 01 00 00   ...!3.A.A.A.1C...
00 00 10 22 33 33 33 33 33 33 33 33 33 43 14 00 00   ..."333333333C...
00 00 10 32 33 33 33 33 33 33 33 33 33 33 14 00 00   ...23333333333...
00 00 10 32 3a 33 13 33 33 33 31 33 a3 32 14 00 00   ...2:3.33313.2...
00 00 21 32 3a 33 11 31 33 13 11 33 a3 32 44 01 00   ..!2:3.13..3.2D..
00 00 21 33 a4 33 11 31 33 13 11 33 2a 33 43 01 00   ..!3.3.13..3*3C..
00 00 21 33 a4 33 31 31 33 13 13 33 2a 33 43 01 00   ..!3.3113..3*3C..
00 00 21 33 a4 33 33 33 31 33 33 33 2a 33 43 01 00   ..!3.3331333*3C..
00 11 32 33 a4 33 33 13 11 33 33 33 2a 33 33 14 01   ..23.33..333*33..
10 32 33 33 a4 33 33 11 11 11 33 33 2a 33 33 33 14   .233.33...33*333.
00 21 33 33 a4 33 33 13 11 31 33 33 2a 33 33 43 01   .!33.33..133*33C.
10 32 33 33 a4 33 33 13 11 31 33 33 2a 33 33 33 14   .233.33..133*333.
00 11 32 43 21 33 33 33 11 33 33 33 14 32 33 14 01   ..2C!333.333.23..
00 21 33 44 11 32 33 33 33 33 33 33 14 32 33 43 01   .!3D.2333333.23C.
00 10 44 14 10 32 33 33 33 33 33 33 43 41 44 11 00   ..D..2333333CAD..
00 00 11 01 21 32 33 33 33 33 33 33 33 14 11 00 00   ....!23333333....
00 00 00 00 21 33 33 33 33 33 33 33 33 14 00 00 00   ....!33333333....
00 00 00 00 21 43 33 33 34 33 33 33 43 14 00 00 00   ....!C334333C....
00 00 00 00 21 43 34 34 44 43 33 33 43 01 00 00 00   ....!C44DC33C....
00 00 00 00 10 44 41 41 14 43 34 34 44 01 00 00 00   .....DAA.C44D....
00 00 00 00 00 11 10 10 11 44 41 41 14 00 00 00 00   .........DAA.....
00 00 00 00 00 00 00 00 00 11 10 10 01 00 00 00 00   .................

cacti_man_4
00 00 00 00 00 00 00 00 00 00 00 00 00 00 00 00 00   .................
00 00 00 00 00 00 00 00 00 00 00 00 00 00 00 00 00   .................
00 00 00 00 00 00 01 10 10 10 00 01 00 00 00 00 00   .................
00 00 00 00 00 10 12 21 21 21 11 13 00 00 00 00 00   .......!!!.......
00 00 00 00 00 10 33 31 31 31 31 14 00 00 00 00 00   ......31111......
00 00 00 00 00 11 41 11 41 11 41 11 01 00 00 00 00   ......A.A.A......
00 00 00 00 11 65 16 75 17 65 16 75 17 01 00 00 00   .....e.u.e.u.....
00 00 00 10 12 66 18 77 19 66 18 77 19 14 00 00 00   .....f.w.f.w.....
00 00 00 21 13 86 18 97 19 86 18 97 19 43 01 00 00   ...!.........C...
00 00 00 21 33 11 41 11 41 11 41 11 31 43 01 00 00   ...!3.A.A.A.1C...
00 00 10 22 33 33 33 33 33 33 33 33 33 43 14 00 00   ..."333333333C...
00 00 10 32 33 33 33 33 33 33 33 33 33 33 14 00 00   ...23333333333...
00 00 10 32 a4 33 33 33 33 33 33 33 2a 33 14 00 00   ...2.3333333*3...
00 00 21 32 a4 33 13 33 33 33 31 33 2a 33 44 01 00   ..!2.3.33313*3D..
00 00 21 33 a4 33 11 31 33 13 11 33 2a 33 43 01 00   ..!3.3.13..3*3C..
00 00 21 33 a4 33 11 31 33 13 11 33 2a 33 43 01 00   ..!3.3.13..3*3C..
00 00 21 33 a4 33 11 31 33 13 11 33 2a 33 43 01 00   ..!3.3.13..3*3C..
00 00 21 33 a4 33 13 33 33 33 31 33 2a 33 43 01 00   ..!3.3.33313*3C..
00 00 21 33 a4 33 33 33 31 33 33 33 2a 33 43 01 00   ..!3.3331333*3C..
00 00 21 33 a4 33 33 13 11 33 33 33 2a 33 43 01 00   ..!3.33..333*3C..
00 00 21 33 a4 33 33 11 11 11 33 33 2a 33 43 01 00   ..!3.33...33*3C..
00 00 10 32 43 31 33 33 11 33 33 13 32 33 44 01 00   ...2C133.33.23D..
00 00 10 32 44 31 33 33 33 33 33 13 43 43 14 00 00   ...2D133333.CC...
00 00 00 41 41 31 33 33 33 33 33 13 14 14 14 00 00   ...AA133333......
00 00 00 10 11 32 33 33 33 33 33 33 41 11 01 00 00   .....2333333A....
00 00 00 00 10 32 33 33 33 33 33 33 33 14 00 00 00   .....23333333....
00 00 00 00 10 32 34 33 43 33 34 33 33 14 00 00 00   .....243C3433....
00 00 00 00 10 32 44 43 43 34 44 43 43 14 00 00 00   .....2DCC4DCC....
00 00 00 00 00 41 14 14 44 41 14 14 44 01 00 00 00   .....A..DA..D....
00 00 00 00 00 10 01 01 11 10 01 01 11 00 00 00 00   .................

